1       99      71      105     79
2       126     74      124     76
3       108     72      102     68
4       122     68      114     72
5       104     64      96      62
6       108     60      96      56
7       116     70      106     70
8       106     74      106     76
9       118     82      120     90
10      92      58      88      60
11      110     78      102     80
12      138     80      124     76
13      120     70      118     84
14      142     88      136     90
15      118     58      92      58
16      134     76      126     68
17      118     72      108     68
18      126     78      114     76
19      108     78      94      70
20      136     86      144     88
21      110     78      100     64
22      120     74      106     70
23      108     74      94      74
24      132     92      128     88
25      102     68      96      64
26      118     70      102     68
27      116     76      88      60
28      118     80      100     84
29      110     74      96      70
30      122     72      118     78
31      106     62      94      56
32      146     90      138     94
