Personal Information.
20200300000201011256579799972412401601011221  130101P0101P01B 00 00   4    022212121  30333350040250152    
20200300000201021150569799972412401601011221  130201 0201 01  00 00   4    022212122  30333350037250152 
20200300000301011150560619522412401601011221  130101P0101P02  00 00   4    044414122  20484760054171331 
20200300000301021250560419522412401601011221  130201 0201 02B 00 00   4    044414121  20484760058571331 
20200300000301031117231119852412401601011227  740401 0401 02  021011  307070444141  1120484760050871331 
20200300000301041115221019872412401601011227  740401 0401 02  021011  307070444141  2220484760050871331 
20200300000401011135450719672412401601011221  130101P0101P01B 00 00   4    034414121  10292530032921932 
20200300000401021241451119612412401601011221  130201 0201 01  00 00   4    034414122  10292530032941932 
20200300000401031105210719972412401601011220    0401 0401 01  021011  302030344141  1110292530031751932 
20200300000601011259571219432412401601011227  740101P0101P01B 00 00   4    011111121  20783400094580052 
20200300000701011265680419372412402602022321  130202 0202 02  00 00   4    0222121 2  40137270016960721 
20200300000701021169680419341400406602022121  130102P0102P02B 00 00   4    0222121 0  40137270020060721 
20200300001101011134440819681404401601011121  130101P0101P02  00 00   4    054414120  30089940012561711 
20200300001101021230440619721404401601011121  130201 0201 02B 00 00   4    054414122  30089940010471711 
20200300001101031112220119911404401601011120    0401 0401 02  021011  303030544141  2230089940010921711 
20200300001101041107220119961404401601011120    0401 0401 02  021011  303030544141  2230089940009461711 
20200300001101051105210519971404401601011120    0401 0401 02  021011  303030544141  1130089940009461711 
20200300001401011224330119792412401601011227  740101P0101P01B 00 00   4    023313121  40137270017862812 
20200300001401021202110120012412406601011220    0401 0401 01  01200   103980233131  11401372700159228122
20200300001601011138451219642412404615163421  130101P0101P01B 00 00   4    044414122  40196240022080902 
20200300001601021234440119692412404615163421  130201 0201 01  00 00   4    044414121  40196240022610902 
20200300001601031107220319952412404615163420    0401 0401 01  021011  307070444141  2240196240021300902 
20200300001601041201111220012412404615163420    0401 0401 01  021011  307070444141  11401962400227609022
20200300001701011227440519752412402602022327  740101P0101P01B 00 00   4    011111121  30293870034632701 
20200300001901011169680919332412401601011221  130101P0101P01B 00 00   4    0222121 1  40199440024071561 
20200300001901021264570519382412401601011221  130201 0201 01  00 00   4    022212122  40199440024081561 
20200300002001011176890319261402401401161111  130101P0101P01B 00 00   4    0222121 1  40076560011190142 
20200300002001021270781019321403401401161111  130201 0201 01  00 00   4    0222121 2  40076560009670142 
20200300002301011144451019582412401601011221  130101P0101P01B 00 00   4    054414121  20293040032981432 
20200300002301021244450119592412401601011221  130201 0201 01  00 00   4    054414122  20293040033001432 
20200300002301031216220419862412401601011227  740401 0401 01  021011  307080544141  2220293040034131432 
20200300002301041109220919932412401601011220    0401 0401 01  021011  307080544141  2220293040031801432 
20200300002301051207220219952412401601011220    0401 0401 01  021011  307080544141  1120293040031391432 
20200300002501011273780719292412401601011224  450101P0101P01B 00 00   4    0111111 1  20293770037103241 
20200300002601011180890419222412401601011221  130101P0101P01B 00 00   4    0222121 1  30196240022141192 
20200300002601021281890219222412401601011221  130201 0201 01  00 00   4    0222121 2  30196240022101192 
20200300002701011242451019602412401601011225  520101P0101P01B 00 00   4    033313121  20292550032942332 
20200300002701021109220219932412401601011220    0401 0401 01  01100   105980333131  2220292550031752332 
20200300002701031212220719902412401601011220    0401 0401 01  01100   105980333131  1120292550035442332 
20200300003001011185890719192412401601011224  450101P0101P01B 00 00   4    0111111 1  20392490044282922 
20200300003101011151561219512412401601011221  130101P0101P01B 00 00   4    054444422  20343420038382931 
20200300003101021246560819562412401601011221  130201 0201 01  00 00   4    054444422  20343420039732931 
20200300003101031224330119792412401601011227  740401 0401 01  021011  3    054444421  20343420044682931 
20200300003101041218330719842412401601011227  740401 0401 01  021011  3    054444422  20343420044632931 
20200300003101051117230719852412401601011227  740401 0401 01  021011  303030544444  1120343420036042931 
20200300003201011146569799972412401601011221  130101P0101P02  00 00   4    044444421  40237970028073032 
20200300003201021240459799972412401601011221  130201 0201 02B 00 00   4    044444422  40237970026803032 
20200300003201031118339799972412401601011227  740401 0401 02  021011  3    044444422  40237970032603032 
20200300003201041215229799972412401601011227  740401 0401 02  021011  304040444444  1140237970027723032 
202003000033010111274402197524124016010112282 740302 0302 02  00 00   4    054434222  20321120041530751 
2020030000330102122844041974241240160101122813520102P0102P02B 00 00   4    054434221  20321120038240751 
20200300003301031106221019962412401601011220    0502 0502 02  00 011  298030544342  2220321120034850751 
20200300003301041107221019952412401601011220    0402 0402 02  02100   103980544342  2220321120034850751 
20200300003301051109220719932412401601011220    0402 0402 02  02100   103980544342  1120321120034850751 
20200300003401011131440219721402401601011121  130101P0101P01B 00 00   4    054414121  40089940012561541 
20200300003401021225449999991403401601011121  130201 0201 01  00 00   4    054414122  40089940011641541 
20200300003401031210220919921403401601011120    0401 0401 01  021011  303030544141  2240089940008991541 
20200300003401041208221019941403401601011120    0401 0401 01  021011  303030544141  2240089940009721541 
20200300003401051103110519991403401601011120    0401 0401 01  021011  303030544141  11400899400100115412
20200300003601011231440819711402401601011122  230101P0101P01B 00 00   4    011111121  40176490020553251 
20200300004001011278890119252412401601011224  450101P0101P01B 00 00   4    0111111 1  30297120033452991 
20200300004301011227440619752412401601011221  130101P0101P01B 00 00   4    044414122  20294360035062762 
20200300004301021146560619562412401601011221  130201 0201 01  00 00   4    044414121  20294360034722762 
20200300004301031103110319992412401601011220    0401 0401 01  011021  307070444141  11202943600314927622
20200300004301041102110720002412401601011220    0401 0401 01  011021  307070444141  22202943600314927622
20200300004401011149560119542412401601011221  130101P0101P01B 00 00   4    022212121  30163570019290112 
20200300004401021246560419561403401601011121  130201 0201 01  00 00   4    022212122  30163570020840112 
20200300004601011249561019532412401601011227  740101P0101P01B 00 00   4    023313121  20294360034050812 
20200300004601021114220919882412401601011227  740401 0401 01  01100   108980233131  1120294360033330812 
20200300005201011177891019252412401601011221  130101P0101P01B 00 00   4    0222121 1  30396150044691611 
20200300005201021272780819302412401601011221  130201 0201 01  00 00   4    0222121 2  30396150050031611 
20200300005301011276890219262412404615163421  130101P0101P01B 00 00   4    0222121 0  40225980025442772 
20200300005301021180890319222412404615163421  130201 0201 01  00 00   4    0222121 2  40225980025502772 
20200300005401011238450919641401401601011121  130101P0101P01B 00 00   4    044414121  30587740074020771 
20200300005401021136451119662412401601011221  130201 0201 01  00 00   4    044414122  30587740066140771 
20200300005401031208220619942412401601011220    0401 0401 01  011021  307070444141  2230587740062960771 
20200300005401041203110819992412401601011220    0401 0401 01  011021  307070444141  11305877400681507712
20200300005501011257571219452412401601011225  520101P0101P01B 00 00   4    011111121  30396150047831611 
20200300005901011125440719772412401601011221  130101P0101P02  00 00   4    034414122  20586080075790042 
20200300005901021222331019802412401601011221  130201 0201 02B 00 00   4    034414121  20586080076250042 
20200300005901031101110920012412401601011220    0401 0401 02  021011  303030344141  11205860800626900422
20200300006101011165680619372412401601011227  740101P0101P01B 00 00   4    0111111 1  20294360035531151 
20200300006201011242450419601401401401161111  130101P0101P01B 00 00   4    034414122  10140980017750472 
20200300006201021142450119611401401401161111  130201 0201 01  00 00   4    034414121  10140980019350472 
20200300006201031204110419981401401401161110    0401 0401 01  011021  308030344141  11101409800194304722
20200300006301011267680619351404401601011125  520101P0101P01B 00 00   4    0111111 1  30089940011362311 
20200300006401011154560719482412404615163425  520101P0101P01B 00 00   4    022232321  40196240021931642 
20200300006401021219331019832412404615163427  740401 0401 01  00 011  2    022232322  40196240025501642 
20200300006501011257570819452412401601011221  130101P0101P01B 00 00   4    032232322  20195210023570872 
20200300006501021155570219482412401601011221  130201 0201 01  00 00   4    032232321  20195210025320872 
20200300006501031252560719502412401601011224  450801 0801 01 100 00   4    032232322  20195210023590872 
20200300006701011143450719592412401601011221  130101P0101P02  00 00   4    064414122  20336420037860671 
20200300006701021238450519642412401601011221  130201 0201 02B 00 00   4    064414121  20336420037880671 
20200300006701031111220119922412401601011220    0401 0401 02  021011  308080644141  2220336420038090671 
20200300006701041206220319962412401601011220    0401 0401 02  021011  308080644141  2220336420036040671 
20200300006701051204110819982412401601011220    0401 0401 02  021011  308080644141  22203364200390106712
20200300006701061104110819982412401601011220    0401 0401 02  021011  308080644141  11203364200359906712
20200300006801011257571019452412401601011225  520101P0101P01B 00 00   4    011111121  30290000035012502 
20200300007001011156571219462412401601011221  130101P0101P01B 00 00   4    032232322  20441550057261331 
20200300007001021256570719462412401601011221  130201 0201 01  00 00   4    032232321  20441550053311331 
20200300007001031219331019832412401601011227  740401 0401 01  021011  3    032232322  20441550057381331 
20200300007201011243450119602412401601011227  740101P0101P01B 00 00   4    011111121  30297120033461612 
20200300007301011140450319622412401601011221  130202 0202 02  00 00   4    044414122  40391830044092271 
20200300007301021235450719672412401601011221  130102P0102P02B 00 00   4    044414121  40391830044122271 
20200300007301031211221219912412401601011220    0402 0402 02  021011  306060444141  2240391830047462271 
20200300007301041209221019932412401601011220    0402 0402 02  021011  306060444141  1140391830041972271 
20200300007501011217230319851403401601011122  230101P0101P01B 00 00   498980233131  4230160150018910792 
20200300007501021200111120021403401601011120    0401 0401 01  01100   102980233131  11301601500173107922
20200300007801011285891119192412401601011224  450101P0101P01B 00 00   4    0111111 1  20293040032991431 
20200300008201011155570119481401401301011117  740101P0101P01B 02100   1    022232322  10104330015002472 
20200300008201021285890119191401401301011114  450701 0701 01  00 00   4    0222323 1  10104330013172472 
20200300008301011167681119352412401601011221  130101P0101P02  00 00   4    0222121 2  30294360035530692 
20200300008301021267680819352412401601011221  130201 0201 02B 00 00   4    0222121 1  30294360037180692 
20200300008501011243450519592412402602022327  740101P0101P01B 00 00   4    011111121  30218840027923371 
20200300008701011176890419262412401601011221  130101P0101P01B 00 00   4    0222121 2  10412840046582161 
20200300008701021272780219312412401601011221  130201 0201 01  00 00   4    0222121 1  10412840052142161 
20200300008901011157570519452412402602022321  130101P0101P02  00 00   4    022212122  20240060025393162 
20200300008901021254560719482412402602022321  130201 0201 02B 00 00   4    022212121  20240060025043162 
20200300009001011246560419562412402602022324  450101P0101P02  00 00   4    054444422  10170330020311872 
20200300009001021220331119822412402602022322  230401 0401 02B 01100   1    054444421  10170330029571872 
20200300009001031117230919852412402602022327  740401 0401 02  01100   103980544444  1110170330028121872 
20200300009001041104110719982412402602022320    0601 0601 02  02100   103980544444  22101703300257718722
20200300009001051201110520011401406602022120    0601 0601 02  02100   103980544444  22101703300234818722
20200300009101011232440619702412402602022327  740101P0101P01B 00 00   4    023313121  10469620070351872 
20200300009101021104110619982412402602022320    0401 0401 01  01100   104980233131  11104696200710518722
2020030000920101122944081973241240160101122813520101P0101P01B 00 00   4    022222221  30294360035060731 
202003000092010212344403196824124016010112282 740301 0301 01  00 00   4    022222222  30294360033920731 
20200300009301011270781119322412401601011224  450101P0101P01B 00 00   4    0222323 1  40196240024790121 
20200300009301021155579999992412401601011224  450801 0801 01 100 00   4    022232322  40196240025450121 
20200300009501011164570719382412401601011225  520101P0101P01B 00 00   4    011111121  30293870038112412 
202003000097010112686803193424124016010112282 740101P0101P01B 00 00   4    0222222 1  40293870037122491 
202003000097010212615705194124124016010112282 740301 0301 01  00 00   4    022222222  40293870035482491 
20200300009901011183899799972412401601011222  230101P0101P01B 00 00   4    0111111 0  20285430032200291 
20200300010001011136450319662412401601011221  130101P0101P01B 00 00   4    064414121  40293870033072602 
20200300010001021234441119682412401601011221  130201 0201 01  00 00   4    064414122  40293870033862602 
20200300010001031112220119912412401601011220    0401 0401 01  021011  304040644141  2240293870033272602 
20200300010001041108221119942412401601011220    0401 0401 01  021011  304040644141  2240293870031892602 
20200300010001051105211019972412401601011220    0401 0401 01  021011  304040644141  2240293870031892602 
20200300010001061102110220012412401601011220    0401 0401 01  021011  304040644141  11402938700314426022
20200300010101011161570419412412401601011221  130101P0101P01B 00 00   4    022212122  30440810057171142 
20200300010101021261570119422412401601011221  130201 0201 01  00 00   4    022212121  30440810053221142 
20200300010301011150560919522412401601011221  130101P0101P01B 00 00   4    022212122  10293020032742591 
20200300010301021251560719512412401601011221  130201 0201 01  00 00   4    022212121  10293020035402591 
20200300010401011243459799972412401601011221  130101P0101P01B 00 00   4    044414121  10331160037291741 
20200300010401021145569799972412401601011221  130201 0201 01  00 00   4    044414122  10331160039061741 
20200300010401031210229799972412401601011220    0401 0401 01  011021  307040444141  2210331160040121741 
20200300010401041107229799972412401601011220    0401 0401 01  011021  307040444141  1110331160035941741 
20200300010601011141450519612412402602022325  520101P0101P01B 00 00   4    011111121  20213970027412332 
20200300010901011221330419812412402602022327  740101P0101P01B 00 00   4    023313121  30245170042562122 
20200300010901021201111220012412402602022320    0401 0401 01  01100   101980233131  11302451700361621222
20200300011001011285899999992412401601011224  450101P0101P01B 00 00   4    0111111 0  10294360033142052 
20200300011401011228449799972412404610063422  230101P0101P01B 00 00   4    011111120  20515140061351051 
20200300011501011270780319322412401601011224  450101P0101P01B 00 00   4    0111111 1  40306700038740142 
20200300011701011152560819502412401601011221  130101P0101P02  00 00   4    032232322  30396150044272962 
20200300011701021250560819522412401601011221  130201 0201 02B 00 00   4    032232321  30396150047862962 
20200300011701031123330519792412401601011227  740401 0401 02  021011  3    032232322  30396150049332962 
20200300011901011220330619822412401601011227  740101P0101P01B 00 00   4    011111121  40296540038581951 
20200300012001011285890819192412402602022324  450101P0101P01B 00 00   4    0111111 1  20248390035690651 
20200300012101011123330519792412401601011225  520101P0101P01B 00 00   4    011111121  40296540036930512 
20200300012301011152560119512412401601011227  740101P0101P01B 00 00   4    011111121  20285430031890291 
20200300012501011132440619702412401601011221  130101P0101P01B 00 00   4    022212122  40195850023582811 
20200300012501021233440119702412401601011221  130201 0201 01  00 00   4    022212121  40195850022572811 
20200300012701011264570619382412402602022324  450101P0101P01B 00 00   4    044444422  10183030021273231 
20200300012701021238450719642412402602022326  610401 0401 01  01100   1    044444421  10183030023353231 
20200300012701031212220619902412402602022320    0601 0601 01  021998  104980444444  1010183030021513231 
20200300012701041136450619662412402602022326  610401 0401 01  01100   1    044444422  10183030023453231 
20200300013101011139450219642412401601011221  130101P0101P01B 00 00   4    044414122  20293870033071272 
20200300013101021238450619642412401601011221  130201 0201 01  00 00   4    044414121  20293870033091272 
20200300013101031206220719962412401601011220    0401 0401 01  021011  307070444141  1120293870031481272 
20200300013101041204110619982412401601011220    0401 0401 01  021011  307070444141  22202938700340812722
20200300013201011160571219422412401601011221  130101P0101P01B 00 00   4    022212121  10336420043632242 
20200300013201021256570319462412401601011221  130201 0201 01  00 00   4    022212122  10336420040622242 
202003000133010111264411197624124016010112282 740101P0101P01B 00 00   4    022222221  40217680028150712 
202003000133010212254402197724124016010112282 740301 0301 01  00 00   4    022222222  40217680025920712 
20200300013501011121330119822412402602022327  740101P0101P01B 00 00   4    011111121  30220140034881572 
20200300014001011274780219292412401601011224  450101P0101P01B 00 00   4    0111111 1  40293870037121251 
20200300014101011273781019292412401601011225  520101P0101P01B 00 00   4    0111111 1  40255500032270252 
20200300014801011282891019202412401601011221  130101P0101P01B 00 00   4    0222121 1  20293870033091591 
20200300014801021183890619192412401601011221  130201 0201 01  00 00   4    0222121 2  20293870033151591 
20200300015101011245561119572412402602022325  520101P0101P01B 00 00   4    044444422  10308650036810781 
20200300015101021121330819812412402602022327  740401 0401 01  01100   1    044444421  10308650048900781 
20200300015101031119330519832412402602022327  740401 0401 01  01100   1    044444422  10308650035620781 
20200300015101041113220419892412402602022320    0401 0401 01  01100   102980444444  1110308650034430781 
20200300015301011146560619562412401601011221  130101P0101P01B 00 00   4    044414122  20292550034510042 
20200300015301021243450619592412401601011221  130201 0201 01  00 00   4    044414121  20292550032940042 
20200300015301031109220419932412401601011220    0401 0401 01  021011  303030444141  1120292550031750042 
20200300015301041212220419902412401601011220    0401 0401 01  021011  303030444141  2220292550035440042 
20200300015601011120339799972112401101011219  990101P0101P01B 00 00   4    011111170  40196240024440902 
20200300015901011236450819662412401601011221  130101P0101P01B 00 00   4    034414121  20293770033081102 
20200300015901021137451119652412401601011221  130201 0201 01  00 00   4    034414122  20293770033061102 
20200300015901031207220419952412401601011220    0401 0401 01  011021  302030344141  1120293770031471102 
20200300016601011272781019302412401601011224  450101P0101P01B 00 00   4    0111111 1  30247760031292852 
20200300017101011182891219202412401601011221  130101P0101P01B 00 00   4    0222121 1  40336420037953201 
20200300017101021265681019372412401601011221  130201 0201 01  00 00   4    0222121 2  40336420042493201 
20200300017401011249560119542412401601011225  520101P0101P01B 00 00   4    023313121  10345980040021171 
20200300017401021217230919852412401601011227  740401 0401 01  01100   104980233131  1110345980040301171 
20200300017701011162570719402412401601011225  520101P0101P01B 00 00   4    011111121  40196240025452872 
20200300017801011237459799972412401601011229  990101P0101P01B 00 00   4    011111121  30331160037290551 
20200300018101011152561219502412401601011221  130101P0101P02  00 00   4    032232322  40259970029052672 
20200300018101021250569799972412401601011221  130201 0201 02B 00 00   4    032232321  40259970031412672 
20200300018101031118339799972412401601011227  740401 0401 02  021011  3    032232322  40259970035612672 
20200300018701011225440619772412401601011227  740101P0101P01B 00 00   4    011111121  40196240023371621 
20200300018901011144450719582412402602022321  130101P0101P01B 00 00   4    054414121  40206990026521631 
20200300018901021244450619582412402602022321  130201 0201 01  00 00   4    054414122  40206990026411631 
20200300018901031215221219872412402602022327  740401 0401 01  021011  304040544141  2240206990027431631 
20200300018901041208221119942412402602022320    0401 0401 01  022012  304040544141  2240206990023721631 
20200300018901051105210519972412402602022320    0401 0401 01  022012  304040544141  1140206990021901631 
20200300019201011155570119482412401601011225  520101P0101P01B 00 00   4    011111121  40296540038463191 
20200300019301011164570419382412404610063421  130202 0202 02  00 00   4    022212121  40294170038153361 
20200300019301021264570719382412404610063421  130102P0102P02B 00 00   4    022212122  40294170035523361 
20200300019401011171780619312412401601011221  130101P0101P01B 00 00   4    0222121 1  20293770035460631 
20200300019401021271780219322412401601011221  130201 0201 01  00 00   4    0222121 2  20293770037100631 
20200300019501011142450919602412401601011227  740101P0101P01B 00 00   4    011111121  20293770033062572 
20200300019701011133441119692412401601011221  130101P0101P01B 00 00   4    044414122  30289510034853042 
20200300019701021231440219722412401601011221  130201 0201 01  00 00   4    044414120  30289510033363042 
20200300019701031105210419972412401601011220    0401 0401 01  021011  304040444141  2230289510031423042 
20200300019701041103110819992412401601011220    0401 0401 01  021011  304040444141  11302895100309730422
20200300019801011160571019422412401601011221  130101P0101P01B 00 00   4    054424322  40391830050820832 
20200300019801021246560219572412401601011221  130201 0201 01  00 00   4    054424320  40391830045320832 
20200300019801031216220919862412401601011227  740401 0401 01  021013  307070544243  2240391830045640832 
20200300019801041215220719872412401601011227  740401 0401 01  021013  307070544243  2240391830045640832 
20200300019801051108220219942412401601011220    0401 0401 01  021013  307070544243  1140391830042530832 
20200300020001011136450719662412401601011221  130101P0101P02  00 00   4    044414122  20294360033131231 
20200300020001021236450519662412401601011221  130201 0201 02B 00 00   4    044414120  20294360033151231 
20200300020001031213220519892412401601011220    0401 0401 02  021011  304030444141  2220294360035661231 
20200300020001041204111119982412401601011220    0401 0401 02  021011  304030444141  11202943600341312312
20200300020101011261570619411403401401161117  740101P0101P01B 00 00   4    022232322  40102780012312611 
20200300020101021231440419711403401401161117  740401 0401 01  01100   1    022232320  40102780011972611 
20200300020501011230449799971401401401161115  521105 1105 05  00 00   4    054444422  30277270032291031 
20200300020501021129449799971401401401161115  521105 1105 05  00 00   4    054444422  30277270043901031 
20200300020501031105219799971401401401161110    1205 1205 05  01100   197980544444  0030277270029161031 
20200300020501041107229799971401401401161110    1205 1205 05  01100   197980544444  2230277270029161031 
20200300020501051145569799971401401401161115  520105P0105P05B 00 00   4    054444421  30277270036151031 
20200300020601011236450719662412401601011221  130101P0101P01B 00 00   4    054414122  10294360033150321 
20200300020601021143450519592412401601011221  130201 0201 01  00 00   4    054414121  10294360033130321 
20200300020601031110221019922412401601011220    0401 0401 01  011021  305070544141  2210294360033330321 
20200300020601041108220719942412401601011220    0401 0401 01  011021  305070544141  2210294360031950321 
20200300020601051206220519962412401601011220    0401 0401 01  011021  305070544141  1110294360031530321 
20200300020801011276890719262412401601011225  520101P0101P01B 00 00   4    0111111 1  10332270037412052 
20200300020901011246561019562412401601011221  130101P0101P01B 00 00   4    044414121  10336420038912941 
20200300020901021154561119482412401601011221  130201 0201 01  00 00   4    044414122  10336420037592941 
20200300020901031115221219872412401601011227  740401 0401 01  011021  307040444141  2210336420035302941 
20200300020901041212221119902412401601011220    0401 0401 01  011021  307040444141  1110336420040752941 
20200300021101011130441019721402403403163117  740101P0101P01B 00 00   4    011111121  40177860024831522 
20200300021501011129440419731402401401161111  130101P0101P02  00 00   4    044414122  30293870046530792 
20200300021501021227441119751402401401161111  130201 0201 02B 00 00   4    044414121  30293870038030792 
20200300021501031109220819931402401401161110    0401 0401 02  021011  304040444141  1130293870030910792 
20200300021501041105210819971402401401161110    0401 0401 02  021011  304040444141  2230293870030910792 
20200300021601011267680819352412401601011221  130101P0101P01B 00 00   4    0222121 2  10294390037180612 
20200300021601021171780319312412401601011221  130201 0201 01  00 00   4    0222121 1  10294390035530612 
20200300021701011143451019592412401601011227  740101P0101P01B 00 00   4    011111121  40248740027990081 
20200300022101011258570119452412401601011227  740101P0101P01B 02100   1    022232322  10293020035380611 
20200300022101021283890519192412401601011224  450701 0701 01  00 00   4    0222323 0  10293020032990611 
2020030002250101123044101972241240160101122813520101P0101P01B 00 00   4    034434221  10250950028923332 
20200300022501021111221119912412401601011220    0401 0401 01  01100   105980344342  1110250950028413332 
202003000225010311243305197824124026020223282 740301 0301 01  00 00   4    034434222  10250950039763332 
20200300022601011275891119271406401601011124  450101P0101P02  00 00   4    0222323 2  30130410016471711 
20200300022601021239451019631406401601011127  740401 0401 02B 01100   1    022232321  30130410016421711 
20200300022701011140459719622412404615163425  520101P0101P01B 00 00   4    011111121  30293870033071021 
20200300022801011125440219772412402602022321  130101P0101P01B 00 00   4    044424321  30218990032853112 
20200300022801021225440719772412402602022321  130201 0201 01  00 00   4    044424322  30218990025813112 
20200300022801031110220719922412402602022320    0401 0401 01  021013  307040444243  1130218990024433112 
20200300022801041203111119992412402602022320    0401 0401 01  021011  307040444243  22302189900323031122
20200300023001011263571119392412401601011224  450101P0101P01B 00 00   4    032232322  20196240023690982 
20200300023001021136451119662412401601011227  740401 0401 01  01100   1    032232321  20196240022080982 
20200300023001031130441019722412401601011227  740401 0401 01  01100   1    032232322  20196240023630982 
2020030002330101115156121951241240160101122813520101P0101P01B 00 00   4    022222220  10338280037803101 
2020030002330102114445041958241240160101122813520301 0301 01  00 00   4    022222222  10338280038073101 
20200300024101011145560919572412401601011221  130101P0101P02  00 00   4    022212122  10336420039683091 
20200300024101021245561019572412401601011221  130201 0201 02B 00 00   4    022212121  10336420038913091 
20200300024201011227440119761403401601011127  740101P0101P01B 00 00   4    033313121  40089940011641562 
20200300024201021106220419961403401601011120    0401 0401 01  01100   103980333131  1140089940009461562 
20200300024201031102110720001403401601011120    0401 0401 01  01100   103980333131  22400899400100115622
20200300024401011137450619652412401601011227  740101P0101P01B 00 00   4    011111121  40195850022040882 
20200300024601011225440319772412401601011221  130101P0101P01B 00 00   4    022212122  20336420040060531 
20200300024601021126440219772412401601011221  130201 0201 01  00 00   4    022212121  20336420043500531 
20200300024701011185891219192412401601011221  130101P0101P01B 00 00   4    0222121 2  30294360033212862 
20200300024701021284890619192412401601011221  130201 0201 01  00 00   4    0222121 1  30294360033142862 
20200300024801011227440119762412402602022327  740101P0101P01B 00 00   4    011111121  30190050022400231 
20200300025001011218330319842412401601011227  740101P0101P01B 00 00   4    011111121  40527760068591942 
20200300025201011126440519761402401601011121  130202 0202 02  00 00   4    044414122  30073070011570372 
20200300025201021226440919761402401601011121  130102P0102P02B 00 00   4    044414121  30073070009460372 
20200300025201031102110620001403401601011120    0402 0402 02  021011  301010444141  11300730700081303722
20200300025201041200110620021403401601011120    0402 0402 02  021011  301010444141  22300730700079003722
20200300025301011231440419712412401601011227  740101P0101P01B 00 00   4    011111121  10338280038980581 
20200300025401011161570119421404401601011121  130101P0101P02  00 00   4    032232322  30089940012931711 
20200300025401021254560719481404401601011121  130201 0201 02B 00 00   4    032232321  30089940009401711 
20200300025401031222331119801404401601011127  740401 0401 02  021011  3    032232322  30089940010971711 
20200300025501011261571219412412401601011227  740101P0101P01B 00 00   4    011111121  30392490047390221 
20200300025701011139451119632412406601011221  130101P0101P02  00 00   4    044414122  40345390038870511 
20200300025701021238451119642412401601011221  130201 0201 02B 00 00   4    044414121  40345390038890511 
20200300025701031114220819882412401601011227  740401 0401 02  021011  303070444141  1140345390039100511 
20200300025701041112220419902412401601011220    0401 0401 02  021011  303070444141  2240345390039100511 
20200300025901011230449999992412401601011221  130101P0101P01B 00 00   4    044414121  20292550033710042 
20200300025901021102119999992412401601011220    0401 0401 01  011031  303030444141  11202925500312900422
20200300025901031132449999992412401601011221  130201 0201 01  00 00   4    044414122  20292550035220042 
20200300025901041108229999992412401601011220    0401 0401 01  011031  303030444141  2220292550031750042 
20200300026201011227440619752412401601011227  740101P0101P01B 00 00   4    011111120  40195850023320081 
20200300026301011132441119702412401601011221  130101P0101P01B 00 00   4    064424322  20336420040500671 
20200300026301021234441219682412401601011221  130201 0201 01  00 00   4    064424320  20336420038770671 
20200300026301031115220819872412401601011227  740401 0401 01  021013  304030644243  1120336420035300671 
20200300026301041213220519892412401601011220    0401 0401 01  021013  304030644243  2220336420040750671 
20200300026301051212220719902412401601011220    0401 0401 01  021013  304030644243  2220336420040750671 
20200300026301061201110320012412401601011220    0401 0401 01  021011  304030644243  22203364200390106712
20200300026401011143451219592412401601011221  130101P0101P01B 00 00   4    022212122  30333350037510152 
20200300026401021246560119572412401601011221  130201 0201 01  00 00   4    022212121  30333350038560152 
20200300026601011161570819412412401601011225  520101P0101P01B 00 00   4    011111121  10294890038242161 
202003000269010111233311197924124046151634282 740101P0101P01B 00 00   4    022222222  20292620036440162 
202003000269010212233302197924124016010112282 740301 0301 01  00 00   4    022222221  20292620038070162 
20200300027001011256570919462412401601011221  130101P0101P01B 00 00   4    032232322  20378470045690532 
20200300027001021159570119442412401601011221  130201 0201 01  00 00   4    032232322  20378470049080532 
20200300027001031121330419812412401601011227  740401 0401 01  011021  3    032232321  20378470047130532 
20200300027101011145560719572412402602022321  130101P0101P01B 00 00   4    034414122  30391830046742412 
20200300027101021247560219552412402602022321  130201 0201 01  00 00   4    034414121  30391830046732412 
20200300027101031106221119962412402602022320    0401 0401 01  021011  307080344141  1130391830041462412 
20200300027201011242450419602412401601011225  520101P0101P01B 00 00   4    022232321  10227050025571782 
20200300027201021120330719822412401601011227  740401 0401 01  01100   1    022232322  10227050028271782 
20200300027301011236450619662412401601011221  130101P0101P01B 00 00   4    044414121  30289510032603351 
20200300027301021138450119652412401601011221  130201 0201 01  00 00   4    044414114  30000000000003351 
20200300027301031109220619932412401601011220    0401 0401 01  011021  307070444141  1130289510031423351 
20200300027301041207220419952412401601011220    0401 0401 01  011021  307070444141  2230289510031013351 
20200300027501011149560819532412401601011225  520101P0101P01B 00 00   4    011111121  40294360034721012 
20200300027601011256579799972412401601011221  130101P0101P01B 00 00   4    022212120  30294360035541021 
20200300027601021156579799972412401601011221  130201 0201 01  00 00   4    022212122  30294360038181021 
20200300027901011248561019542412401601011225  520101P0101P01B 00 00   4    034444421  30290000033551921 
20200300027901021218330219852412401601011227  740401 0401 01  01100   1    034444422  30290000037691921 
20200300027901031216220819862412401601011227  740401 0401 01  01100   104980344444  1130290000033781921 
20200300028001011271781219312412401601011224  450101P0101P01B 00 00   4    0111111 1  20293870037121272 
20200300028201011239450519631402401601011121  130101P0101P01B 00 00   4    074444422  20137720017341051 
20200300028201021141451219611402401601011121  130201 0201 01  00 00   4    074444421  20137720018901051 
20200300028201031127440199991402401601011126  610801 0801 01 100 00   4    074444422  20137720021811051 
20200300028201041116221119861402401601011127  740401 0401 01  011021  303030744444  2220137720015211051 
20200300028201051113220319891403401601011120    0401 0401 01  011021  303030744444  2220137720016721051 
20200300028201061212220919901403401601011120    0401 0401 01  011021  303030744444  1120137720013761051 
20200300028201071109220819931403401601011120    0401 0401 01  011021  303030744444  2220137720014491051 
20200300028401011133440219701402401601011121  130101P0101P02  00 00   4    034414121  40138000019270832 
20200300028401021228440819742412401601011221  130201 0201 02B 00 00   4    034414122  40138000016430832 
20200300028401031105210319982412401601011220    0401 0401 02  021011  307040344141  1140138000014980832 
20200300028501011170780519322412401601011221  130101P0101P01B 00 00   4    0222121 2  20294360035532551 
20200300028501021263571119392412401601011221  130201 0201 01  00 00   4    022212121  20294360035542551 
20200300028901011162579799972412401601011229  990101P0101P01B 00 00   4    011111120  30198080025691751 
20200300029101011152560619502412401601011221  130101P0101P01B 00 00   4    034454521  20137450015362302 
20200300029101021250560119531403403603033121  130201 0201 01  00 00   4    034454522  20164510017192302 
20200300029101031110220619922412401601011220    0601 0601 01  00 00   498980344545  1120137450015562302 
20200300029201011142451019602412401601011221  130101P0101P02  00 00   4    044414122  40296540033373051 
20200300029201021251561019512412401601011221  130201 0201 02B 00 00   4    044414121  40296540035833051 
20200300029201031215221219872412401601011227  740401 0401 02  021011  305040444141  2240296540034543051 
20200300029201041113220819892412401601011220    0401 0401 02  021011  305040444141  1140296540033573051 
20200300029701011185890619192412402602022324  450101P0101P01B 00 00   4    0111111 0  20205770034970342 
202003000299010111193308198324124016010112282 740101P0101P01B 00 00   4    022222222  20293770040243011 
202003000299010212183306198424124016010112282 740301 0301 01  00 00   4    022222221  20293770038183011 
20200300030201011136450819662412402602022325  520101P0101P01B 00 00   4    011111121  30205770026360891 
20200300030301011134440819682412401601011221  130101P0101P01B 00 00   4    044424322  40273970032981471 
20200300030301021231440919712412401601011221  130201 0201 01  00 00   4    044424320  40273970031571471 
20200300030301031209220519932412401601011220    0401 0401 01  021013  303030444243  1040273970029351471 
20200300030301041209220519932412401601011220    0401 0401 01  021013  303030444243  2240273970029351471 
20200300030501011144450319582412401601011221  130101P0101P02  00 00   4    034414120  20293770033060052 
20200300030501021244451219582412401601011221  130201 0201 02B 00 00   4    034414122  20293770033080052 
20200300030501031117230719852412401601011227  740401 0401 02  021011  303020344141  1120293770030830052 
20200300030601011264571219382412401601011224  450101P0101P01B 00 00   4    011111121  20294360035540342 
20200300030801011249561019532412402602022321  130101P0101P01B 00 00   4    044414122  20213970025521092 
20200300030801021150560619522412402602022321  130201 0201 01  00 00   4    044414121  20213970025651092 
20200300030801031108220319942412402602022320    0401 0401 01  011021  307080444141  2220213970022641092 
20200300030801041107220319952412402602022320    0401 0401 01  011021  307080444141  1120213970022641092 
20200300030901011245561219572412401601011221  130101P0101P01B 00 00   4    044414122  30392490045403222 
20200300030901021150560919522412401601011221  130201 0201 01  00 00   4    044414121  30392490043863222 
20200300030901031215220319872412401601011227  740401 0401 01  011021  308080444141  1130392490045713222 
20200300030901041212220419902412401601011220    0401 0401 01  011021  308080444141  2230392490047543222 
20200300031101011242451119602412401601011227  740101P0101P01B 00 00   4    011111121  20293770033082221 
20200300031201011159570519432412401601011221  130101P0101P02  00 00   4    044444422  20719560093322651 
20200300031201021244451219582412401601011221  130201 0201 02B 00 00   4    044444422  20719560081022651 
20200300031201031219330319832412401601011227  740401 0401 02  021013  3    044444421  20719560093512651 
20200300031201041116220819862412401601011227  740401 0401 02  021013  307080444444  1120719560075512651 
20200300031401011277890719252412401601011224  450101P0101P01B 00 00   4    0222323 2  20329670037122721 
20200300031401021256570619462412401601011225  520401 0401 01  01100   1    022232321  20329670039802721 
20200300031601011153560819492412401601011221  130101P0101P02  00 00   4    022212121  40225050025153132 
20200300031601021251561119512412401601011221  130201 0201 02B 00 00   4    022212122  40225050027193132 
20200300031701011235459799972412401601011227  740101P0101P01B 00 00   4    011111121  10295730033301402 
20200300031901011154560219491402404411163111  130703 0703 03  00 00   4    042232322  40130410018052671 
20200300031901021255570119481402404411163111  130703 0703 03  00 00   4    042232322  40130410015622671 
202003000319010311254402197814024044111631182 740103P0103P03B 021011  3    042232321  40130410020652671 
202003000319010412243312197814024046110731282 740303 0303 03  00 00   4    042232322  40130410015912671 
20200300032001011236450219672412404615163421  130101P0101P01B 00 00   4    084444421  40335770037813312 
20200300032001021142450419602412404615163421  130201 0201 01  00 00   4    084444422  40335770037793312 
20200300032001031217230419852412404615163427  740401 0401 01  011021  303030844444  2240335770039113312 
20200300032001041216221019862412404615163427  740401 0401 01  011021  303030844444  2240335770039113312 
20200300032001051111220619912412404615163420    0401 0401 01  011021  303030844444  2240335770038013312 
20200300032001061209220819932412404615163420    0401 0401 01  011021  303030844444  1140335770035973312 
20200300032001071215221119872412404615163427  740401 0401 01  011021  303030844444  2240335770039113312 
20200300032001081200110120032412404615163420    0601 0601 01  03100   102980844444  22403357700400533122
20200300032301011163570919392412401601011225  520101P0101P01B 00 00   4    011111121  20331160042952761 
20200300032701011238450619642412402602022321  130101P0101P01B 00 00   4    044414121  30213670027260302 
20200300032701021144450319582412402602022321  130201 0201 01  00 00   4    044414114  30000000000000302 
20200300032701031213220919892412402602022320    0401 0401 01  011021  304040444141  2230213670025120302 
20200300032701041209220819932412402602022320    0401 0401 01  011021  304040444141  1130213670024490302 
20200300032801011283890219202412401601011224  450101P0101P01B 00 00   4    0111111 1  30294190033121882 
20200300033201011155570719471404401601011126  610101P0101P01B 00 00   4    011111121  30089940012932311 
20200300033301011149560519532412401601011221  130101P0101P01B 00 00   4    044414122  40197160023263362 
20200300033301021247560419552412401601011221  130201 0201 01  00 00   4    044414121  40197160022813362 
20200300033301031115220919872412401601011227  740401 0401 01  021011  301030444141  2240197160020693362 
20200300033301041209220319932412401601011220    0401 0401 01  021011  301030444141  1140197160021123362 
20200300033401011263571219392412401601011225  520101P0101P01B 00 00   4    011111120  30316360038191902 
20200300033701011154569799971407403403163111  130101P0101P02  00 00   4    052232322  40391830054252272 
20200300033701021244459799971403403403163111  130201 0201 02B 00 00   4    052232321  40391830049342272 
20200300033701031121339799971403403403163117  740401 0401 02  021011  3    052232322  40391830063412272 
20200300033701041219339799971403403403163117  740401 0401 02  021011  3    052232322  40391830050402272 
20200300033701051118339799971403403403163117  740401 0401 02  021011  3    052232322  40391830047692272 
20200300033801011176890319261403401601011121  130101P0101P02  00 00   4    0222121 1  30176450025791721 
20200300033801021275890719271403401601011121  130201 0201 02B 00 00   4    0222121 2  30176450022281721 
20200300034001011159570119442412402602022325  520101P0101P01B 00 00   4    011111121  20266060028142781 
20200300034101011278890919242412401601011224  450101P0101P01B 00 00   4    0222323 2  30333260037520151 
20200300034101021121330619812412401601011227  741701 1701 01  00 00   4    022232321  30333260041500151 
20200300034201011141451119612412402602022321  130101P0101P01B 00 00   4    054414122  30170330021820361 
20200300034201021242450419602412402602022321  130201 0201 01  00 00   4    054414120  30170330021730361 
20200300034201031212220419902412402602022320    0401 0401 01  021011  301010544141  1130170330020020361 
20200300034201041107220519952412402602022320    0401 0401 01  021011  301010544141  2230170330018020361 
20200300034201051109221119932412402602022320    0401 0401 01  021011  301010544141  2230170330018020361 
20200300034301011243450419592412402602022327  740101P0101P01B 00 00   4    044444422  30205770026251982 
20200300034301021224330419782412402602022327  740401 0401 01  01800   1    044444421  30205770035721982 
20200300034301031102110820002412402602022320    0601 0601 01  02100   102980444444  22302057700311319822
20200300034301041200110620022412402602022320    0601 0601 01  02100   102980444444  10302057700303519822
20200300034401011166681219362412401601011225  520101P0101P01B 00 00   4    0233333 1  30290000035003042 
20200300034401021217231019852412401601011227  740601 0601 01  00 00   498980233333  1130290000033783042 
20200300034701011220330519821402401601011121  130101P0101P01B 00 00   4    044454522  40179870021951841 
20200300034701021123331119791402401601011121  130201 0201 01  00 00   4    044454521  40179870029111841 
20200300034701031200111120021402401601011120    0401 0401 01  011021  302020444545  22401798700194418412
20200300034701041102110820001402401601011120    0401 0401 01  013023  302020444545  11401798700200218412
20200300034801011234440719681403401601011127  740101P0101P01B 00 00   4    023313121  40089940010471492 
20200300034801021115220519871403401601011127  740401 0401 01  01100   103980233131  1140089940009931492 
20200300034901011130440919722412401601011221  130101P0101P01B 00 00   4    034414121  30297120035771312 
20200300034901021230441019722412401601011221  130201 0201 01  00 00   4    034414122  30297120034241312 
20200300034901031200110720022412401601011220    0401 0401 01  021011  307060344141  11302971200354413122
20200300035201011134440219682412404615163421  130202 0202 02  00 00   4    044414122  10293870035381041 
20200300035201021232441219702412404615163421  130102P0102P02B 00 00   4    044414121  10293870033861041 
20200300035201031206221219962412404615163420    0402 0402 02  021011  308080444141  2210293870031481041 
20200300035201041203110519992412404615163420    0402 0402 02  021011  308080444141  11102938700340810412
20200300035401011247569799972412401601011221  130101P0101P01B 00 00   4    052232322  40296540034303051 
20200300035401021153569799972412401601011221  130201 0201 01  00 00   4    052232322  40296540033143051 
20200300035401031121339799972412401601011227  740401 0401 01  011021  3    052232322  40296540036933051 
20200300035401041124339799972412401601011227  740401 0401 01  011021  3    052232322  40296540036933051 
20200300035401051223339799972412401601011227  740401 0401 01  011021  3    052232320  40296540038583051 
20200300035501011268680119341403401601011121  130101P0101P01B 00 00   4    0322323 2  30089940011362002 
20200300035501021169680219331403401601011121  130201 0201 01  00 00   4    0322323 1  30089940013152002 
20200300035501031138459999991403401601011125  520401 0401 01  011021  3    032232322  30089940012342002 
20200300035601011137450119661402401401161111  130101P0101P02  00 00   4    054414122  40102780014112611 
20200300035601021239450119641402401401161111  130201 0201 02B 00 00   4    054414121  40102780012942611 
20200300035601031117230519851402401401161117  740401 0401 02  021011  302030544141  2240102780011352611 
20200300035601041213220819891402401401161110    0401 0401 02  021011  302030544141  2240102780010272611 
20200300035601051107220719951402401401161110    0401 0401 02  021011  302030544141  1140102780010812611 
20200300036101011263570119392412401601011227  740101P0101P01B 00 00   4    011111121  10294890035601342 
20200300036301011239450119642412401601011225  520101P0101P01B 00 00   4    033313121  30203920022962952 
20200300036301021209220819931401401601011120    0401 0401 01  01100   104980333131  2230187540020272952 
20200300036301031107221219951401401601011120    0401 0401 01  01100   104980333131  1130187540019732952 
20200300036401011142450219612412401601011221  130101P0101P01B 00 00   4    022212121  10343420038651162 
20200300036401021241451119612412401601011221  130201 0201 01  00 00   4    022212122  10343420038671162 
20200300036501011144450719582412401601011225  520101P0101P01B 00 00   4    011111121  10293020032970182 
20200300036701011140451219622412402602022321  130101P0101P01B 00 00   4    064454522  30237240030391581 
20200300036701021236451019662412402602022321  130201 0201 01  00 00   4    064454521  30237240030271581 
20200300036701031112220519902412402602022320    0401 0401 01  023013  304040644545  1130237240026461581 
20200300036701041111220319912412402602022320    0401 0401 01  021011  304040644545  2230237240026461581 
20200300036701051105210819972412402602022320    0401 0401 01  021011  304040644545  2230237240025101581 
20200300036701061203110819992412402602022320    0401 0401 01  021011  304040644545  22302372400349915812
20200300037001011130441119722412401601011227  740101P0101P01B 00 00   4    011111121  30353240042531972 
20200300037101011142450319612412401601011225  520101P0101P01B 00 00   4    011111120  40294360033132601 
20200300037401011164571019382412401601011221  130101P0101P02  00 00   4    034414122  30294360038180692 
20200300037401021247560219552412401601011221  130201 0201 02B 00 00   4    034414121  30294360034050692 
20200300037401031114220519882412401601011227  740401 0401 02  021011  304080344141  1130294360033330692 
20200300037501011235459799972412401601011226  610101P0101P01B 00 00   4    011111121  20325660036671151 
20200300037601011240450719622412401601011221  130101P0101P01B 00 00   4    044414121  20294360033150431 
20200300037601021145560119582412401601011221  130201 0201 01  00 00   4    044414122  20294360034720431 
20200300037601031111220319912412401601011220    0401 0401 01  011021  308080444141  2220294360033330431 
20200300037601041208220319942412401601011220    0401 0401 01  011021  308080444141  1120294360031530431 
20200300037701011148561019542412401601011221  130202 0202 02  00 00   4    034414121  30455710053752501 
20200300037701021248561219542412401601011221  130102P0102P02B 00 00   4    034414122  30455710052712501 
20200300037701031115220319882412401601011227  740402 0402 02  021011  307080344141  1130455710047822501 
20200300038001011148560419542412401601011221  130101P0101P01B 00 00   4    054444422  20390060046011352 
20200300038001021247560419552412401601011221  130201 0201 01  00 00   4    054444422  20390060045121352 
20200300038001031120330219832412401601011227  740401 0401 01  021011  3    054444422  20390060048571352 
20200300038001041118331219842412401601011227  740401 0401 01  021011  3    054444421  20390060053431352 